74
230
285
382
487
507
587
609
622
833
909
1111
1132
1524
1525
1527
1530
1531
1534
1535
1539
1540
1541
1543
1544
1545
1548
1552
1553
1559
1562
1563
1564
1568
1573
1575
1579
1580
1585
1593
1595
1596
1597
1599
1602
1604
1605
1607
1615
1617
1620
1621
1624
1625
1627
1629
1630
1635
1636
1637
1639
1641
1643
1645
1649
1658
1659
1660
1665
1670
1671
1673
1674
1677
1683
1684
1690
1691
1693
1694
1699
1700
1703
1704
1708
1710
1713
1715
1717
1719
1722
1725
1726
1727
1733
1736
1747
1748
1749
1753
1754
1756
1757
1758
1762
1763
1765
1770
1771
1772
1773
1774
1776
1779
1783
1784
1787
1788
1791
1794
1798
1803
1805
1806
1809
1811
1812
1813
1819
1838
1839
1840
1841
1842
1844
1846
1852
1855
1857
1858
1864
1873
1874
1875
1879
1884
1889
1892
1896
1897
1898
1900
1901
1902
1909
1910
1911
1916
1918
1919
1921
1922
1931
1933
1936
1938
1939
1940
1944
1949
1950
1951
1952
1955
1956
1957
1960
1962
1966
1968
1971
1974
1975
1978
1979
1980
1983
1985
1988
1989
1990
1991
1994
1999
2003
2005
2007
2008
2009
2010